0 (63) 286 72 82
0 (96) 948 55 04
0 (67) 760 23 62
0 (50) 250 44 00
0 (96) 650 65 40
0 (50) 462 11 05
0 (50) 642 02 45
0 (97) 901 91 69
0 (93) 986 94 52
+380 (93) 263 64 64
0 (50) 444 71 14
0 (63) 907 24 62
0 (97) 278 98 27
0 (98) 074 40 84
0 (67) 239 06 67
0 (98) 083 20 71
0 (96) 972 93 20
0 (68) 340 54 33
0 (97) 585 17 55
0 (93) 649 29 76
0 (67) 509 86 48
0 (63) 301 57 92
0 (96) 270 03 40
0 (93) 641 08 08
0 (50) 415 23 33
+380 (99) 036 00 12
0 (68) 204 00 67
0 (98) 660 50 56
0 (98) 473 87 31
0 (93) 152 27 39
0 (95) 688 50 90
0 (67) 404 26 36
0 (98) 054 21 78
0 (50) 330 01 86
0 (98) 109 19 37
0 (67) 233 12 70
+380 (50) 762 05 64
0 (66) 742 92 86
0 (98) 999 36 99
0 (67) 503 72 28
0 (97) 838 89 84
0 (63) 470 93 54
0 (67) 977 60 13
0 (67) 503 13 10
0 (63) 311 53 10
0 (63) 700 33 33
0 (68) 500 93 75
0 (95) 081 55 45
0 (96) 474 92 74
0 (98) 176 79 79
0 (93) 722 37 07
0 (97) 123 85 32
0 (97) 231 81 41
0 (68) 351 03 14
0 (96) 694 91 24
0 (67) 983 07 76
0 (93) 567 96 44
0 (97) 342 73 01 
+380 (99) 262 96 80
0 (68) 808 93 55
0 (50) 923 58 66
0 (50) 133 91 69
0 (67) 823 63 64
+380 (97) 374 03 60
+380 (95) 310 28 06
0 (67) 564 47 07
0 (66) 863 48 16
+380 (98) 060 93 89
0 (98) 950 29 21
+380 (63) 760 41 82
+380 (63) 204 03 33
0 (63) 615 80 33 
0 (98) 976 26 04
0 (50) 446 77 24
+380 (63) 804 54 61
